division_code,division_name,subdivision_code,subdivision_name,group_code,group_name,class_code,class_name
A,"Agriculture, Forestry and Fishing",1,Agriculture,11,Nursery and Floriculture Production,111,Nursery Production (Under Cover)
A,"Agriculture, Forestry and Fishing",1,Agriculture,11,Nursery and Floriculture Production,112,Nursery Production (Outdoors)
A,"Agriculture, Forestry and Fishing",1,Agriculture,11,Nursery and Floriculture Production,113,Turf Growing
A,"Agriculture, Forestry and Fishing",1,Agriculture,11,Nursery and Floriculture Production,114,Floriculture Production (Under Cover)
A,"Agriculture, Forestry and Fishing",1,Agriculture,11,Nursery and Floriculture Production,115,Floriculture Production (Outdoors)
A,"Agriculture, Forestry and Fishing",1,Agriculture,12,Mushroom and Vegetable Growing,121,Mushroom Growing
A,"Agriculture, Forestry and Fishing",1,Agriculture,12,Mushroom and Vegetable Growing,122,Vegetable Growing (Under Cover)
A,"Agriculture, Forestry and Fishing",1,Agriculture,12,Mushroom and Vegetable Growing,123,Vegetable Growing (Outdoors)
A,"Agriculture, Forestry and Fishing",1,Agriculture,13,Fruit and Tree Nut Growing,131,Grape Growing
A,"Agriculture, Forestry and Fishing",1,Agriculture,13,Fruit and Tree Nut Growing,132,Kiwifruit Growing
A,"Agriculture, Forestry and Fishing",1,Agriculture,13,Fruit and Tree Nut Growing,133,Berry Fruit Growing
A,"Agriculture, Forestry and Fishing",1,Agriculture,13,Fruit and Tree Nut Growing,134,Apple and Pear Growing
A,"Agriculture, Forestry and Fishing",1,Agriculture,13,Fruit and Tree Nut Growing,135,Stone Fruit Growing
A,"Agriculture, Forestry and Fishing",1,Agriculture,13,Fruit and Tree Nut Growing,136,Citrus Fruit Growing
A,"Agriculture, Forestry and Fishing",1,Agriculture,13,Fruit and Tree Nut Growing,137,Olive Growing
A,"Agriculture, Forestry and Fishing",1,Agriculture,13,Fruit and Tree Nut Growing,139,Other Fruit and Tree Nut Growing
A,"Agriculture, Forestry and Fishing",1,Agriculture,14,"Sheep, Beef Cattle and Grain Farming",141,Sheep Farming (Specialised)
A,"Agriculture, Forestry and Fishing",1,Agriculture,14,"Sheep, Beef Cattle and Grain Farming",142,Beef Cattle Farming (Specialised)
A,"Agriculture, Forestry and Fishing",1,Agriculture,14,"Sheep, Beef Cattle and Grain Farming",143,Beef Cattle Feedlots (Specialised)
A,"Agriculture, Forestry and Fishing",1,Agriculture,14,"Sheep, Beef Cattle and Grain Farming",144,Sheep-Beef Cattle Farming
A,"Agriculture, Forestry and Fishing",1,Agriculture,14,"Sheep, Beef Cattle and Grain Farming",145,Grain-Sheep or Grain-Beef Cattle Farming
A,"Agriculture, Forestry and Fishing",1,Agriculture,14,"Sheep, Beef Cattle and Grain Farming",146,Rice Growing
A,"Agriculture, Forestry and Fishing",1,Agriculture,14,"Sheep, Beef Cattle and Grain Farming",149,Other Grain Growing
A,"Agriculture, Forestry and Fishing",1,Agriculture,15,Other Crop Growing,151,Sugar Cane Growing
A,"Agriculture, Forestry and Fishing",1,Agriculture,15,Other Crop Growing,152,Cotton Growing
A,"Agriculture, Forestry and Fishing",1,Agriculture,15,Other Crop Growing,159,Other Crop Growing n.e.c. 
A,"Agriculture, Forestry and Fishing",1,Agriculture,16,Dairy Cattle Farming,160,Dairy Cattle Farming
A,"Agriculture, Forestry and Fishing",1,Agriculture,17,Poultry Farming,171,Poultry Farming (Meat)
A,"Agriculture, Forestry and Fishing",1,Agriculture,17,Poultry Farming,172,Poultry Farming (Eggs)
A,"Agriculture, Forestry and Fishing",1,Agriculture,18,Deer Farming,180,Deer Farming
A,"Agriculture, Forestry and Fishing",1,Agriculture,19,Other Livestock Farming,191,Horse Farming
A,"Agriculture, Forestry and Fishing",1,Agriculture,19,Other Livestock Farming,192,Pig Farming
A,"Agriculture, Forestry and Fishing",1,Agriculture,19,Other Livestock Farming,193,Beekeeping
A,"Agriculture, Forestry and Fishing",1,Agriculture,19,Other Livestock Farming,199,Other Livestock Farming n.e.c.
A,"Agriculture, Forestry and Fishing",2,Aquaculture,20,Aquaculture,201,Offshore Longline and Rack Aquaculture
A,"Agriculture, Forestry and Fishing",2,Aquaculture,20,Aquaculture,202,Offshore Caged Aquaculture
A,"Agriculture, Forestry and Fishing",2,Aquaculture,20,Aquaculture,203,Onshore Aquaculture
A,"Agriculture, Forestry and Fishing",3,Forestry and Logging,30,Forestry and Logging,301,Forestry
A,"Agriculture, Forestry and Fishing",3,Forestry and Logging,30,Forestry and Logging,302,Logging
A,"Agriculture, Forestry and Fishing",4,"Fishing, Hunting and Trapping",41,Fishing,411,Rock Lobster and Crab Potting
A,"Agriculture, Forestry and Fishing",4,"Fishing, Hunting and Trapping",41,Fishing,412,Prawn Fishing
A,"Agriculture, Forestry and Fishing",4,"Fishing, Hunting and Trapping",41,Fishing,413,Line Fishing
A,"Agriculture, Forestry and Fishing",4,"Fishing, Hunting and Trapping",41,Fishing,414,"Fish Trawling, Seining and Netting"
A,"Agriculture, Forestry and Fishing",4,"Fishing, Hunting and Trapping",41,Fishing,419,Other Fishing
A,"Agriculture, Forestry and Fishing",4,"Fishing, Hunting and Trapping",42,Hunting and Trapping,420,Hunting and Trapping
A,"Agriculture, Forestry and Fishing",5,"Agriculture, Forestry and Fishing Support Services",51,Forestry Support Services,510,Forestry Support Services
A,"Agriculture, Forestry and Fishing",5,"Agriculture, Forestry and Fishing Support Services",52,Agriculture and Fishing Support Services,521,Cotton Ginning
A,"Agriculture, Forestry and Fishing",5,"Agriculture, Forestry and Fishing Support Services",52,Agriculture and Fishing Support Services,522,Shearing Services
A,"Agriculture, Forestry and Fishing",5,"Agriculture, Forestry and Fishing Support Services",52,Agriculture and Fishing Support Services,529,Other Agriculture and Fishing Support Services
B,Mining,6,Coal Mining,60,Coal Mining,600,Coal Mining
B,Mining,7,Oil and Gas Extraction,70,Oil and Gas Extraction,700,Oil and Gas Extraction
B,Mining,8,Metal Ore Mining,80,Metal Ore Mining,801,Iron Ore Mining
B,Mining,8,Metal Ore Mining,80,Metal Ore Mining,802,Bauxite Mining
B,Mining,8,Metal Ore Mining,80,Metal Ore Mining,803,Copper Ore Mining
B,Mining,8,Metal Ore Mining,80,Metal Ore Mining,804,Gold Ore Mining
B,Mining,8,Metal Ore Mining,80,Metal Ore Mining,805,Mineral Sand Mining
B,Mining,8,Metal Ore Mining,80,Metal Ore Mining,806,Nickel Ore Mining
B,Mining,8,Metal Ore Mining,80,Metal Ore Mining,807,Silver-Lead-Zinc Ore Mining
B,Mining,8,Metal Ore Mining,80,Metal Ore Mining,809,Other Metal Ore Mining
B,Mining,9,Non-Metallic Mineral Mining and Quarrying,91,Construction Material Mining,911,Gravel and Sand Quarrying
B,Mining,9,Non-Metallic Mineral Mining and Quarrying,91,Construction Material Mining,919,Other Construction Material Mining
B,Mining,9,Non-Metallic Mineral Mining and Quarrying,99,Other Non-Metallic Mineral Mining and Quarrying,990,Other Non-Metallic Mineral Mining and Quarrying
B,Mining,10,Exploration and Other Mining Support Services,101,Exploration,1011,Petroleum Exploration
B,Mining,10,Exploration and Other Mining Support Services,101,Exploration,1012,Mineral Exploration
B,Mining,10,Exploration and Other Mining Support Services,109,Other Mining Support Services,1090,Other Mining Support Services
C,Manufacturing,11,Food Product Manufacturing,111,Meat and Meat Product Manufacturing,1111,Meat Processing
C,Manufacturing,11,Food Product Manufacturing,111,Meat and Meat Product Manufacturing,1112,Poultry Processing
C,Manufacturing,11,Food Product Manufacturing,111,Meat and Meat Product Manufacturing,1113,Cured Meat and Smallgoods Manufacturing
C,Manufacturing,11,Food Product Manufacturing,112,Seafood Processing,1120,Seafood Processing
C,Manufacturing,11,Food Product Manufacturing,113,Dairy Product Manufacturing,1131,Milk and Cream Processing
C,Manufacturing,11,Food Product Manufacturing,113,Dairy Product Manufacturing,1132,Ice Cream Manufacturing
C,Manufacturing,11,Food Product Manufacturing,113,Dairy Product Manufacturing,1133,Cheese and Other Dairy Product Manufacturing
C,Manufacturing,11,Food Product Manufacturing,114,Fruit and Vegetable Processing,1140,Fruit and Vegetable Processing
C,Manufacturing,11,Food Product Manufacturing,115,Oil and Fat Manufacturing,1150,Oil and Fat Manufacturing
C,Manufacturing,11,Food Product Manufacturing,116,Grain Mill and Cereal Product Manufacturing,1161,Grain Mill Product Manufacturing
C,Manufacturing,11,Food Product Manufacturing,116,Grain Mill and Cereal Product Manufacturing,1162,"Cereal, Pasta and Baking Mix Manufacturing"
C,Manufacturing,11,Food Product Manufacturing,117,Bakery Product Manufacturing,1171,Bread Manufacturing (Factory based)
C,Manufacturing,11,Food Product Manufacturing,117,Bakery Product Manufacturing,1172,Cake and Pastry Manufacturing (Factory based)
C,Manufacturing,11,Food Product Manufacturing,117,Bakery Product Manufacturing,1173,Biscuit Manufacturing (Factory based)
C,Manufacturing,11,Food Product Manufacturing,117,Bakery Product Manufacturing,1174,Bakery Product Manufacturing (Non-factory based)
C,Manufacturing,11,Food Product Manufacturing,118,Sugar and Confectionery Manufacturing,1181,Sugar Manufacturing
C,Manufacturing,11,Food Product Manufacturing,118,Sugar and Confectionery Manufacturing,1182,Confectionery Manufacturing
C,Manufacturing,11,Food Product Manufacturing,119,Other Food Product Manufacturing,1191,"Potato, Corn and Other Crisp Manufacturing"
C,Manufacturing,11,Food Product Manufacturing,119,Other Food Product Manufacturing,1192,Prepared Animal and Bird Feed Manufacturing
C,Manufacturing,11,Food Product Manufacturing,119,Other Food Product Manufacturing,1199,Other Food Product Manufacturing n.e.c.
C,Manufacturing,12,Beverage and Tobacco Product Manufacturing,121,Beverage Manufacturing,1211,"Soft Drink, Cordial and Syrup Manufacturing"
C,Manufacturing,12,Beverage and Tobacco Product Manufacturing,121,Beverage Manufacturing,1212,Beer Manufacturing
C,Manufacturing,12,Beverage and Tobacco Product Manufacturing,121,Beverage Manufacturing,1213,Spirit Manufacturing
C,Manufacturing,12,Beverage and Tobacco Product Manufacturing,121,Beverage Manufacturing,1214,Wine and Other Alcoholic Beverage Manufacturing
C,Manufacturing,12,Beverage and Tobacco Product Manufacturing,122,Cigarette and Tobacco Product Manufacturing,1220,Cigarette and Tobacco Product Manufacturing
C,Manufacturing,13,"Textile, Leather, Clothing and Footwear Manufacturing",131,Textile Manufacturing,1311,Wool Scouring
C,Manufacturing,13,"Textile, Leather, Clothing and Footwear Manufacturing",131,Textile Manufacturing,1312,Natural Textile Manufacturing
C,Manufacturing,13,"Textile, Leather, Clothing and Footwear Manufacturing",131,Textile Manufacturing,1313,Synthetic Textile Manufacturing
C,Manufacturing,13,"Textile, Leather, Clothing and Footwear Manufacturing",132,"Leather Tanning, Fur Dressing and Leather Product Manufacturing",1320,"Leather Tanning, Fur Dressing and Leather Product Manufacturing"
C,Manufacturing,13,"Textile, Leather, Clothing and Footwear Manufacturing",133,Textile Product Manufacturing,1331,Textile Floor Covering Manufacturing
C,Manufacturing,13,"Textile, Leather, Clothing and Footwear Manufacturing",133,Textile Product Manufacturing,1332,"Rope, Cordage and Twine Manufacturing"
C,Manufacturing,13,"Textile, Leather, Clothing and Footwear Manufacturing",133,Textile Product Manufacturing,1333,Cut and Sewn Textile Product Manufacturing
C,Manufacturing,13,"Textile, Leather, Clothing and Footwear Manufacturing",133,Textile Product Manufacturing,1334,Textile Finishing and Other Textile Product Manufacturing
C,Manufacturing,13,"Textile, Leather, Clothing and Footwear Manufacturing",134,Knitted Product Manufacturing,1340,Knitted Product Manufacturing
C,Manufacturing,13,"Textile, Leather, Clothing and Footwear Manufacturing",135,Clothing and Footwear Manufacturing,1351,Clothing Manufacturing
C,Manufacturing,13,"Textile, Leather, Clothing and Footwear Manufacturing",135,Clothing and Footwear Manufacturing,1352,Footwear Manufacturing
C,Manufacturing,14,Wood Product Manufacturing,141,Log Sawmilling and Timber Dressing,1411,Log Sawmilling
C,Manufacturing,14,Wood Product Manufacturing,141,Log Sawmilling and Timber Dressing,1412,Wood Chipping
C,Manufacturing,14,Wood Product Manufacturing,141,Log Sawmilling and Timber Dressing,1413,Timber Resawing and Dressing
C,Manufacturing,14,Wood Product Manufacturing,149,Other Wood Product Manufacturing,1491,Prefabricated Wooden Building Manufacturing
C,Manufacturing,14,Wood Product Manufacturing,149,Other Wood Product Manufacturing,1492,Wooden Structural Fitting and Component Manufacturing
C,Manufacturing,14,Wood Product Manufacturing,149,Other Wood Product Manufacturing,1493,Veneer and Plywood Manufacturing
C,Manufacturing,14,Wood Product Manufacturing,149,Other Wood Product Manufacturing,1494,Reconstituted Wood Product Manufacturing
C,Manufacturing,14,Wood Product Manufacturing,149,Other Wood Product Manufacturing,1499,Other Wood Product Manufacturing n.e.c.
C,Manufacturing,15,"Pulp, Paper and Converted Paper Product Manufacturing",151,"Pulp, Paper and Paperboard Manufacturing",1510,"Pulp, Paper and Paperboard Manufacturing"
C,Manufacturing,15,"Pulp, Paper and Converted Paper Product Manufacturing",152,Converted Paper Product Manufacturing,1521,Corrugated Paperboard and Paperboard Container Manufacturing
C,Manufacturing,15,"Pulp, Paper and Converted Paper Product Manufacturing",152,Converted Paper Product Manufacturing,1522,Paper Bag Manufacturing
C,Manufacturing,15,"Pulp, Paper and Converted Paper Product Manufacturing",152,Converted Paper Product Manufacturing,1523,Paper Stationery Manufacturing
C,Manufacturing,15,"Pulp, Paper and Converted Paper Product Manufacturing",152,Converted Paper Product Manufacturing,1524,Sanitary Paper Product Manufacturing
C,Manufacturing,15,"Pulp, Paper and Converted Paper Product Manufacturing",152,Converted Paper Product Manufacturing,1529,Other Converted Paper Product Manufacturing
C,Manufacturing,16,Printing (including the Reproduction of Recorded Media),161,Printing and Printing Support Services,1611,Printing
C,Manufacturing,16,Printing (including the Reproduction of Recorded Media),161,Printing and Printing Support Services,1612,Printing Support Services
C,Manufacturing,16,Printing (including the Reproduction of Recorded Media),162,Reproduction of Recorded Media,1620,Reproduction of Recorded Media
C,Manufacturing,17,Petroleum and Coal Product Manufacturing,170,Petroleum and Coal Product Manufacturing,1701,Petroleum Refining and Petroleum Fuel Manufacturing
C,Manufacturing,17,Petroleum and Coal Product Manufacturing,170,Petroleum and Coal Product Manufacturing,1709,Other Petroleum and Coal Product Manufacturing
C,Manufacturing,18,Basic Chemical and Chemical Product Manufacturing,181,Basic Chemical Manufacturing,1811,Industrial Gas Manufacturing
C,Manufacturing,18,Basic Chemical and Chemical Product Manufacturing,181,Basic Chemical Manufacturing,1812,Basic Organic Chemical Manufacturing
C,Manufacturing,18,Basic Chemical and Chemical Product Manufacturing,181,Basic Chemical Manufacturing,1813,Basic Inorganic Chemical Manufacturing
C,Manufacturing,18,Basic Chemical and Chemical Product Manufacturing,182,Basic Polymer Manufacturing,1821,Synthetic Resin and Synthetic Rubber Manufacturing
C,Manufacturing,18,Basic Chemical and Chemical Product Manufacturing,182,Basic Polymer Manufacturing,1829,Other Basic Polymer Manufacturing
C,Manufacturing,18,Basic Chemical and Chemical Product Manufacturing,183,Fertiliser and Pesticide Manufacturing,1831,Fertiliser Manufacturing
C,Manufacturing,18,Basic Chemical and Chemical Product Manufacturing,183,Fertiliser and Pesticide Manufacturing,1832,Pesticide Manufacturing
C,Manufacturing,18,Basic Chemical and Chemical Product Manufacturing,184,Pharmaceutical and Medicinal Product Manufacturing,1841,Human Pharmaceutical and Medicinal Product Manufacturing
C,Manufacturing,18,Basic Chemical and Chemical Product Manufacturing,184,Pharmaceutical and Medicinal Product Manufacturing,1842,Veterinary Pharmaceutical and Medicinal Product Manufacturing
C,Manufacturing,18,Basic Chemical and Chemical Product Manufacturing,185,Cleaning Compound and Toiletry Preparation Manufacturing,1851,Cleaning Compound Manufacturing
C,Manufacturing,18,Basic Chemical and Chemical Product Manufacturing,185,Cleaning Compound and Toiletry Preparation Manufacturing,1852,Cosmetic and Toiletry Preparation Manufacturing
C,Manufacturing,18,Basic Chemical and Chemical Product Manufacturing,189,Other Basic Chemical Product Manufacturing,1891,Photographic Chemical Product Manufacturing
C,Manufacturing,18,Basic Chemical and Chemical Product Manufacturing,189,Other Basic Chemical Product Manufacturing,1892,Explosive Manufacturing
C,Manufacturing,18,Basic Chemical and Chemical Product Manufacturing,189,Other Basic Chemical Product Manufacturing,1899,Other Basic Chemical Product Manufacturing n.e.c.
C,Manufacturing,19,Polymer Product and Rubber Product Manufacturing,191,Polymer Product Manufacturing,1911,Polymer Film and Sheet Packaging Material Manufacturing
C,Manufacturing,19,Polymer Product and Rubber Product Manufacturing,191,Polymer Product Manufacturing,1912,Rigid and Semi-Rigid Polymer Product Manufacturing
C,Manufacturing,19,Polymer Product and Rubber Product Manufacturing,191,Polymer Product Manufacturing,1913,Polymer Foam Product Manufacturing
C,Manufacturing,19,Polymer Product and Rubber Product Manufacturing,191,Polymer Product Manufacturing,1914,Tyre Manufacturing
C,Manufacturing,19,Polymer Product and Rubber Product Manufacturing,191,Polymer Product Manufacturing,1915,Adhesive Manufacturing
C,Manufacturing,19,Polymer Product and Rubber Product Manufacturing,191,Polymer Product Manufacturing,1916,Paint and Coatings Manufacturing
C,Manufacturing,19,Polymer Product and Rubber Product Manufacturing,191,Polymer Product Manufacturing,1919,Other Polymer Product Manufacturing
C,Manufacturing,19,Polymer Product and Rubber Product Manufacturing,192,Natural Rubber Product Manufacturing,1920,Natural Rubber Product Manufacturing
C,Manufacturing,20,Non-Metallic Mineral Product Manufacturing,201,Glass and Glass Product Manufacturing,2010,Glass and Glass Product Manufacturing
C,Manufacturing,20,Non-Metallic Mineral Product Manufacturing,202,Ceramic Product Manufacturing,2021,Clay Brick Manufacturing
C,Manufacturing,20,Non-Metallic Mineral Product Manufacturing,202,Ceramic Product Manufacturing,2029,Other Ceramic Product Manufacturing
C,Manufacturing,20,Non-Metallic Mineral Product Manufacturing,203,"Cement, Lime, Plaster and Concrete Product Manufacturing",2031,Cement and Lime Manufacturing
C,Manufacturing,20,Non-Metallic Mineral Product Manufacturing,203,"Cement, Lime, Plaster and Concrete Product Manufacturing",2032,Plaster Product Manufacturing
C,Manufacturing,20,Non-Metallic Mineral Product Manufacturing,203,"Cement, Lime, Plaster and Concrete Product Manufacturing",2033,Ready-Mixed Concrete Manufacturing
C,Manufacturing,20,Non-Metallic Mineral Product Manufacturing,203,"Cement, Lime, Plaster and Concrete Product Manufacturing",2034,Concrete Product Manufacturing
C,Manufacturing,20,Non-Metallic Mineral Product Manufacturing,209,Other Non-Metallic Mineral Product Manufacturing,2090,Other Non-Metallic Mineral Product Manufacturing
C,Manufacturing,21,Primary Metal and Metal Product Manufacturing,211,Basic Ferrous Metal Manufacturing,2110,Iron Smelting and Steel Manufacturing
C,Manufacturing,21,Primary Metal and Metal Product Manufacturing,212,Basic Ferrous Metal Product Manufacturing,2121,Iron and Steel Casting
C,Manufacturing,21,Primary Metal and Metal Product Manufacturing,212,Basic Ferrous Metal Product Manufacturing,2122,Steel Pipe and Tube Manufacturing
C,Manufacturing,21,Primary Metal and Metal Product Manufacturing,213,Basic Non-Ferrous Metal Manufacturing,2131,Alumina Production
C,Manufacturing,21,Primary Metal and Metal Product Manufacturing,213,Basic Non-Ferrous Metal Manufacturing,2132,Aluminium Smelting
C,Manufacturing,21,Primary Metal and Metal Product Manufacturing,213,Basic Non-Ferrous Metal Manufacturing,2133,"Copper, Silver, Lead and Zinc Smelting and Refining"
C,Manufacturing,21,Primary Metal and Metal Product Manufacturing,213,Basic Non-Ferrous Metal Manufacturing,2139,Other Basic Non-Ferrous Metal Manufacturing
C,Manufacturing,21,Primary Metal and Metal Product Manufacturing,214,Basic Non-Ferrous Metal Product Manufacturing,2141,Non-Ferrous Metal Casting
C,Manufacturing,21,Primary Metal and Metal Product Manufacturing,214,Basic Non-Ferrous Metal Product Manufacturing,2142,"Aluminium Rolling, Drawing, Extruding"
C,Manufacturing,21,Primary Metal and Metal Product Manufacturing,214,Basic Non-Ferrous Metal Product Manufacturing,2149,Other Basic Non-Ferrous Metal Product Manufacturing
C,Manufacturing,22,Fabricated Metal Product Manufacturing,221,Iron and Steel Forging,2210,Iron and Steel Forging
C,Manufacturing,22,Fabricated Metal Product Manufacturing,222,Structural Metal Product Manufacturing,2221,Structural Steel Fabricating
C,Manufacturing,22,Fabricated Metal Product Manufacturing,222,Structural Metal Product Manufacturing,2222,Prefabricated Metal Building Manufacturing
C,Manufacturing,22,Fabricated Metal Product Manufacturing,222,Structural Metal Product Manufacturing,2223,Architectural Aluminium Product Manufacturing
C,Manufacturing,22,Fabricated Metal Product Manufacturing,222,Structural Metal Product Manufacturing,2224,Metal Roof and Guttering Manufacturing (except Aluminium)
C,Manufacturing,22,Fabricated Metal Product Manufacturing,222,Structural Metal Product Manufacturing,2229,Other Structural Metal Product Manufacturing
C,Manufacturing,22,Fabricated Metal Product Manufacturing,223,Metal Container Manufacturing,2231,"Boiler, Tank and Other Heavy Gauge Metal Container Manufacturing"
C,Manufacturing,22,Fabricated Metal Product Manufacturing,223,Metal Container Manufacturing,2239,Other Metal Container Manufacturing
C,Manufacturing,22,Fabricated Metal Product Manufacturing,224,Sheet Metal Product Manufacturing (except Metal Structural and Container Products),2240,Sheet Metal Product Manufacturing (except Metal Structural and Container Products)
C,Manufacturing,22,Fabricated Metal Product Manufacturing,229,Other Fabricated Metal Product Manufacturing,2291,Spring and Wire Product Manufacturing
C,Manufacturing,22,Fabricated Metal Product Manufacturing,229,Other Fabricated Metal Product Manufacturing,2292,"Nut, Bolt, Screw and Rivet Manufacturing"
C,Manufacturing,22,Fabricated Metal Product Manufacturing,229,Other Fabricated Metal Product Manufacturing,2293,Metal Coating and Finishing
C,Manufacturing,22,Fabricated Metal Product Manufacturing,229,Other Fabricated Metal Product Manufacturing,2299,Other Fabricated Metal Product Manufacturing n.e.c.
C,Manufacturing,23,Transport Equipment Manufacturing,231,Motor Vehicle and Motor Vehicle Part Manufacturing,2311,Motor Vehicle Manufacturing
C,Manufacturing,23,Transport Equipment Manufacturing,231,Motor Vehicle and Motor Vehicle Part Manufacturing,2312,Motor Vehicle Body and Trailer Manufacturing
C,Manufacturing,23,Transport Equipment Manufacturing,231,Motor Vehicle and Motor Vehicle Part Manufacturing,2313,Automotive Electrical Component Manufacturing
C,Manufacturing,23,Transport Equipment Manufacturing,231,Motor Vehicle and Motor Vehicle Part Manufacturing,2319,Other Motor Vehicle Parts Manufacturing
C,Manufacturing,23,Transport Equipment Manufacturing,239,Other Transport Equipment Manufacturing,2391,Shipbuilding and Repair Services
C,Manufacturing,23,Transport Equipment Manufacturing,239,Other Transport Equipment Manufacturing,2392,Boatbuilding and Repair Services
C,Manufacturing,23,Transport Equipment Manufacturing,239,Other Transport Equipment Manufacturing,2393,Railway Rolling Stock Manufacturing and Repair Services
C,Manufacturing,23,Transport Equipment Manufacturing,239,Other Transport Equipment Manufacturing,2394,Aircraft Manufacturing and Repair Services
C,Manufacturing,23,Transport Equipment Manufacturing,239,Other Transport Equipment Manufacturing,2399,Other Transport Equipment Manufacturing n.e.c.
C,Manufacturing,24,Machinery and Equipment Manufacturing,241,Professional and Scientific Equipment Manufacturing,2411,"Photographic, Optical and Ophthalmic Equipment Manufacturing"
C,Manufacturing,24,Machinery and Equipment Manufacturing,241,Professional and Scientific Equipment Manufacturing,2412,Medical and Surgical Equipment Manufacturing
C,Manufacturing,24,Machinery and Equipment Manufacturing,241,Professional and Scientific Equipment Manufacturing,2419,Other Professional and Scientific Equipment Manufacturing
C,Manufacturing,24,Machinery and Equipment Manufacturing,242,Computer and Electronic Equipment Manufacturing,2421,Computer and Electronic Office Equipment Manufacturing
C,Manufacturing,24,Machinery and Equipment Manufacturing,242,Computer and Electronic Equipment Manufacturing,2422,Communication Equipment Manufacturing
C,Manufacturing,24,Machinery and Equipment Manufacturing,242,Computer and Electronic Equipment Manufacturing,2429,Other Electronic Equipment Manufacturing
C,Manufacturing,24,Machinery and Equipment Manufacturing,243,Electrical Equipment Manufacturing,2431,Electric Cable and Wire Manufacturing
C,Manufacturing,24,Machinery and Equipment Manufacturing,243,Electrical Equipment Manufacturing,2432,Electric Lighting Equipment Manufacturing
C,Manufacturing,24,Machinery and Equipment Manufacturing,243,Electrical Equipment Manufacturing,2439,Other Electrical Equipment Manufacturing
C,Manufacturing,24,Machinery and Equipment Manufacturing,244,Domestic Appliance Manufacturing,2441,Whiteware Appliance Manufacturing
C,Manufacturing,24,Machinery and Equipment Manufacturing,244,Domestic Appliance Manufacturing,2449,Other Domestic Appliance Manufacturing
C,Manufacturing,24,Machinery and Equipment Manufacturing,245,"Pump, Compressor, Heating and Ventilation Equipment Manufacturing",2451,Pump and Compressor Manufacturing
C,Manufacturing,24,Machinery and Equipment Manufacturing,245,"Pump, Compressor, Heating and Ventilation Equipment Manufacturing",2452,"Fixed Space Heating, Cooling and Ventilation Equipment Manufacturing"
C,Manufacturing,24,Machinery and Equipment Manufacturing,246,Specialised Machinery and Equipment Manufacturing,2461,Agricultural Machinery and Equipment Manufacturing
C,Manufacturing,24,Machinery and Equipment Manufacturing,246,Specialised Machinery and Equipment Manufacturing,2462,Mining and Construction Machinery Manufacturing
C,Manufacturing,24,Machinery and Equipment Manufacturing,246,Specialised Machinery and Equipment Manufacturing,2463,Machine Tool and Parts Manufacturing
C,Manufacturing,24,Machinery and Equipment Manufacturing,246,Specialised Machinery and Equipment Manufacturing,2469,Other Specialised Machinery and Equipment Manufacturing
C,Manufacturing,24,Machinery and Equipment Manufacturing,249,Other Machinery and Equipment Manufacturing,2491,Lifting and Material Handling Equipment Manufacturing
C,Manufacturing,24,Machinery and Equipment Manufacturing,249,Other Machinery and Equipment Manufacturing,2499,Other Machinery and Equipment Manufacturing n.e.c.
C,Manufacturing,25,Furniture and Other Manufacturing,251,Furniture Manufacturing,2511,Wooden Furniture and Upholstered Seat Manufacturing
C,Manufacturing,25,Furniture and Other Manufacturing,251,Furniture Manufacturing,2512,Metal Furniture Manufacturing
C,Manufacturing,25,Furniture and Other Manufacturing,251,Furniture Manufacturing,2513,Mattress Manufacturing
C,Manufacturing,25,Furniture and Other Manufacturing,251,Furniture Manufacturing,2519,Other Furniture Manufacturing
C,Manufacturing,25,Furniture and Other Manufacturing,259,Other Manufacturing,2591,Jewellery and Silverware Manufacturing
C,Manufacturing,25,Furniture and Other Manufacturing,259,Other Manufacturing,2592,"Toy, Sporting and Recreational Product Manufacturing"
C,Manufacturing,25,Furniture and Other Manufacturing,259,Other Manufacturing,2599,Other Manufacturing n.e.c.
D,"Electricity, Gas, Water and Waste Services",26,Electricity Supply,261,Electricity Generation,2611,Fossil Fuel Electricity Generation
D,"Electricity, Gas, Water and Waste Services",26,Electricity Supply,261,Electricity Generation,2612,Hydro-Electricity Generation
D,"Electricity, Gas, Water and Waste Services",26,Electricity Supply,261,Electricity Generation,2619,Other Electricity Generation
D,"Electricity, Gas, Water and Waste Services",26,Electricity Supply,262,Electricity Transmission,2620,Electricity Transmission
D,"Electricity, Gas, Water and Waste Services",26,Electricity Supply,263,Electricity Distribution,2630,Electricity Distribution
D,"Electricity, Gas, Water and Waste Services",26,Electricity Supply,264,On Selling Electricity and Electricity Market Operation,2640,On Selling Electricity and Electricity Market Operation
D,"Electricity, Gas, Water and Waste Services",27,Gas Supply,270,Gas Supply,2700,Gas Supply
D,"Electricity, Gas, Water and Waste Services",28,"Water Supply, Sewerage and Drainage Services",281,"Water Supply, Sewerage and Drainage Services",2811,Water Supply
D,"Electricity, Gas, Water and Waste Services",28,"Water Supply, Sewerage and Drainage Services",281,"Water Supply, Sewerage and Drainage Services",2812,Sewerage and Drainage Services
D,"Electricity, Gas, Water and Waste Services",29,"Waste Collection, Treatment and Disposal Services",291,Waste Collection Services,2911,Solid Waste Collection Services
D,"Electricity, Gas, Water and Waste Services",29,"Waste Collection, Treatment and Disposal Services",291,Waste Collection Services,2919,Other Waste Collection Services
D,"Electricity, Gas, Water and Waste Services",29,"Waste Collection, Treatment and Disposal Services",292,"Waste Treatment, Disposal and Remediation Services",2921,Waste Treatment and Disposal Services
D,"Electricity, Gas, Water and Waste Services",29,"Waste Collection, Treatment and Disposal Services",292,"Waste Treatment, Disposal and Remediation Services",2922,Waste Remediation and Materials Recovery Services
E,Construction,30,Building Construction,301,Residential Building Construction,3011,House Construction
E,Construction,30,Building Construction,301,Residential Building Construction,3019,Other Residential Building Construction
E,Construction,30,Building Construction,302,Non-Residential Building Construction,3020,Non-Residential Building Construction
E,Construction,31,Heavy and Civil Engineering Construction,310,Heavy and Civil Engineering Construction,3101,Road and Bridge Construction
E,Construction,31,Heavy and Civil Engineering Construction,310,Heavy and Civil Engineering Construction,3109,Other Heavy and Civil Engineering Construction
E,Construction,32,Construction Services,321,Land Development and Site Preparation Services,3211,Land Development and Subdivision
E,Construction,32,Construction Services,321,Land Development and Site Preparation Services,3212,Site Preparation Services
E,Construction,32,Construction Services,322,Building Structure Services,3221,Concreting Services
E,Construction,32,Construction Services,322,Building Structure Services,3222,Bricklaying Services
E,Construction,32,Construction Services,322,Building Structure Services,3223,Roofing Services
E,Construction,32,Construction Services,322,Building Structure Services,3224,Structural Steel Erection Services
E,Construction,32,Construction Services,323,Building Installation Services,3231,Plumbing Services
E,Construction,32,Construction Services,323,Building Installation Services,3232,Electrical Services
E,Construction,32,Construction Services,323,Building Installation Services,3233,Air Conditioning and Heating Services
E,Construction,32,Construction Services,323,Building Installation Services,3234,Fire and Security Alarm Installation Services
E,Construction,32,Construction Services,323,Building Installation Services,3239,Other Building Installation Services
E,Construction,32,Construction Services,324,Building Completion Services,3241,Plastering and Ceiling Services
E,Construction,32,Construction Services,324,Building Completion Services,3242,Carpentry Services
E,Construction,32,Construction Services,324,Building Completion Services,3243,Tiling and Carpeting Services
E,Construction,32,Construction Services,324,Building Completion Services,3244,Painting and Decorating Services
E,Construction,32,Construction Services,324,Building Completion Services,3245,Glazing Services
E,Construction,32,Construction Services,329,Other Construction Services,3291,Landscape Construction Services
E,Construction,32,Construction Services,329,Other Construction Services,3292,Hire of Construction Machinery with Operator
E,Construction,32,Construction Services,329,Other Construction Services,3299,Other Construction Services n.e.c.
F,Wholesale Trade,33,Basic Material Wholesaling,331,Agricultural Product Wholesaling,3311,Wool Wholesaling
F,Wholesale Trade,33,Basic Material Wholesaling,331,Agricultural Product Wholesaling,3312,Cereal Grain Wholesaling
F,Wholesale Trade,33,Basic Material Wholesaling,331,Agricultural Product Wholesaling,3319,Other Agricultural Product Wholesaling
F,Wholesale Trade,33,Basic Material Wholesaling,332,"Mineral, Metal and Chemical Wholesaling",3321,Petroleum Product Wholesaling
F,Wholesale Trade,33,Basic Material Wholesaling,332,"Mineral, Metal and Chemical Wholesaling",3322,Metal and Mineral Wholesaling
F,Wholesale Trade,33,Basic Material Wholesaling,332,"Mineral, Metal and Chemical Wholesaling",3323,Industrial and Agricultural Chemical Product Wholesaling
F,Wholesale Trade,33,Basic Material Wholesaling,333,Timber and Hardware Goods Wholesaling,3331,Timber Wholesaling
F,Wholesale Trade,33,Basic Material Wholesaling,333,Timber and Hardware Goods Wholesaling,3332,Plumbing Goods Wholesaling
F,Wholesale Trade,33,Basic Material Wholesaling,333,Timber and Hardware Goods Wholesaling,3339,Other Hardware Goods Wholesaling
F,Wholesale Trade,34,Machinery and Equipment Wholesaling,341,Specialised Industrial Machinery and Equipment Wholesaling,3411,Agricultural and Construction Machinery Wholesaling
F,Wholesale Trade,34,Machinery and Equipment Wholesaling,341,Specialised Industrial Machinery and Equipment Wholesaling,3419,Other Specialised Industrial Machinery and Equipment Wholesaling
F,Wholesale Trade,34,Machinery and Equipment Wholesaling,349,Other Machinery and Equipment Wholesaling,3491,Professional and Scientific Goods Wholesaling
F,Wholesale Trade,34,Machinery and Equipment Wholesaling,349,Other Machinery and Equipment Wholesaling,3492,Computer and Computer Peripheral Wholesaling
F,Wholesale Trade,34,Machinery and Equipment Wholesaling,349,Other Machinery and Equipment Wholesaling,3493,Telecommunication Goods Wholesaling
F,Wholesale Trade,34,Machinery and Equipment Wholesaling,349,Other Machinery and Equipment Wholesaling,3494,Other Electrical and Electronic Goods Wholesaling
F,Wholesale Trade,34,Machinery and Equipment Wholesaling,349,Other Machinery and Equipment Wholesaling,3499,Other Machinery and Equipment Wholesaling n.e.c.
F,Wholesale Trade,35,Motor Vehicle and Motor Vehicle Parts Wholesaling,350,Motor Vehicle and Motor Vehicle Parts Wholesaling,3501,Car Wholesaling
F,Wholesale Trade,35,Motor Vehicle and Motor Vehicle Parts Wholesaling,350,Motor Vehicle and Motor Vehicle Parts Wholesaling,3502,Commercial Vehicle Wholesaling
F,Wholesale Trade,35,Motor Vehicle and Motor Vehicle Parts Wholesaling,350,Motor Vehicle and Motor Vehicle Parts Wholesaling,3503,Trailer and Other Motor Vehicle Wholesaling
F,Wholesale Trade,35,Motor Vehicle and Motor Vehicle Parts Wholesaling,350,Motor Vehicle and Motor Vehicle Parts Wholesaling,3504,Motor Vehicle New Parts Wholesaling
F,Wholesale Trade,35,Motor Vehicle and Motor Vehicle Parts Wholesaling,350,Motor Vehicle and Motor Vehicle Parts Wholesaling,3505,Motor Vehicle Dismantling and Used Parts Wholesaling
F,Wholesale Trade,36,"Grocery, Liquor and Tobacco Product Wholesaling",360,"Grocery, Liquor and Tobacco Product Wholesaling",3601,General Line Grocery Wholesaling
F,Wholesale Trade,36,"Grocery, Liquor and Tobacco Product Wholesaling",360,"Grocery, Liquor and Tobacco Product Wholesaling",3602,"Meat, Poultry and Smallgoods Wholesaling"
F,Wholesale Trade,36,"Grocery, Liquor and Tobacco Product Wholesaling",360,"Grocery, Liquor and Tobacco Product Wholesaling",3603,Dairy Produce Wholesaling
F,Wholesale Trade,36,"Grocery, Liquor and Tobacco Product Wholesaling",360,"Grocery, Liquor and Tobacco Product Wholesaling",3604,Fish and Seafood Wholesaling
F,Wholesale Trade,36,"Grocery, Liquor and Tobacco Product Wholesaling",360,"Grocery, Liquor and Tobacco Product Wholesaling",3605,Fruit and Vegetable Wholesaling
F,Wholesale Trade,36,"Grocery, Liquor and Tobacco Product Wholesaling",360,"Grocery, Liquor and Tobacco Product Wholesaling",3606,Liquor and Tobacco Product Wholesaling
F,Wholesale Trade,36,"Grocery, Liquor and Tobacco Product Wholesaling",360,"Grocery, Liquor and Tobacco Product Wholesaling",3609,Other Grocery Wholesaling
F,Wholesale Trade,37,Other Goods Wholesaling,371,"Textile, Clothing and Footwear Wholesaling",3711,Textile Product Wholesaling
F,Wholesale Trade,37,Other Goods Wholesaling,371,"Textile, Clothing and Footwear Wholesaling",3712,Clothing and Footwear Wholesaling
F,Wholesale Trade,37,Other Goods Wholesaling,372,Pharmaceutical and Toiletry Goods Wholesaling,3720,Pharmaceutical and Toiletry Goods Wholesaling
F,Wholesale Trade,37,Other Goods Wholesaling,373,"Furniture, Floor Covering and Other Goods Wholesaling",3731,Furniture and Floor Covering Wholesaling
F,Wholesale Trade,37,Other Goods Wholesaling,373,"Furniture, Floor Covering and Other Goods Wholesaling",3732,Jewellery and Watch Wholesaling
F,Wholesale Trade,37,Other Goods Wholesaling,373,"Furniture, Floor Covering and Other Goods Wholesaling",3733,Kitchen and Diningware Wholesaling
F,Wholesale Trade,37,Other Goods Wholesaling,373,"Furniture, Floor Covering and Other Goods Wholesaling",3734,Toy and Sporting Goods Wholesaling
F,Wholesale Trade,37,Other Goods Wholesaling,373,"Furniture, Floor Covering and Other Goods Wholesaling",3735,Book and Magazine Wholesaling
F,Wholesale Trade,37,Other Goods Wholesaling,373,"Furniture, Floor Covering and Other Goods Wholesaling",3736,Paper Product Wholesaling
F,Wholesale Trade,37,Other Goods Wholesaling,373,"Furniture, Floor Covering and Other Goods Wholesaling",3739,Other Goods Wholesaling n.e.c.
F,Wholesale Trade,38,Commission-Based Wholesaling,380,Commission-Based Wholesaling,3800,Commission-Based Wholesaling
G,Retail Trade,39,Motor Vehicle and Motor Vehicle Parts Retailing,391,Motor Vehicle Retailing,3911,Car Retailing
G,Retail Trade,39,Motor Vehicle and Motor Vehicle Parts Retailing,391,Motor Vehicle Retailing,3912,Motor Cycle Retailing
G,Retail Trade,39,Motor Vehicle and Motor Vehicle Parts Retailing,391,Motor Vehicle Retailing,3913,Trailer and Other Motor Vehicle Retailing
G,Retail Trade,39,Motor Vehicle and Motor Vehicle Parts Retailing,392,Motor Vehicle Parts and Tyre Retailing,3921,Motor Vehicle Parts Retailing
G,Retail Trade,39,Motor Vehicle and Motor Vehicle Parts Retailing,392,Motor Vehicle Parts and Tyre Retailing,3922,Tyre Retailing
G,Retail Trade,40,Fuel Retailing,400,Fuel Retailing,4000,Fuel Retailing
G,Retail Trade,41,Food Retailing,411,Supermarket and Grocery Stores,4110,Supermarket and Grocery Stores
G,Retail Trade,41,Food Retailing,412,Specialised Food Retailing,4121,"Fresh Meat, Fish and Poultry Retailing"
G,Retail Trade,41,Food Retailing,412,Specialised Food Retailing,4122,Fruit and Vegetable Retailing
G,Retail Trade,41,Food Retailing,412,Specialised Food Retailing,4123,Liquor Retailing
G,Retail Trade,41,Food Retailing,412,Specialised Food Retailing,4129,Other Specialised Food Retailing
G,Retail Trade,42,Other Store-Based Retailing,421,"Furniture, Floor Coverings, Houseware and Textile Goods Retailing",4211,Furniture Retailing
G,Retail Trade,42,Other Store-Based Retailing,421,"Furniture, Floor Coverings, Houseware and Textile Goods Retailing",4212,Floor Coverings Retailing
G,Retail Trade,42,Other Store-Based Retailing,421,"Furniture, Floor Coverings, Houseware and Textile Goods Retailing",4213,Houseware Retailing
G,Retail Trade,42,Other Store-Based Retailing,421,"Furniture, Floor Coverings, Houseware and Textile Goods Retailing",4214,Manchester and Other Textile Goods Retailing
G,Retail Trade,42,Other Store-Based Retailing,422,Electrical and Electronic Goods Retailing,4221,"Electrical, Electronic and Gas Appliance Retailing"
G,Retail Trade,42,Other Store-Based Retailing,422,Electrical and Electronic Goods Retailing,4222,Computer and Computer Peripheral Retailing
G,Retail Trade,42,Other Store-Based Retailing,422,Electrical and Electronic Goods Retailing,4229,Other Electrical and Electronic Goods Retailing
G,Retail Trade,42,Other Store-Based Retailing,423,"Hardware, Building and Garden Supplies Retailing",4231,Hardware and Building Supplies Retailing
G,Retail Trade,42,Other Store-Based Retailing,423,"Hardware, Building and Garden Supplies Retailing",4232,Garden Supplies Retailing
G,Retail Trade,42,Other Store-Based Retailing,424,Recreational Goods Retailing,4241,Sport and Camping Equipment Retailing
G,Retail Trade,42,Other Store-Based Retailing,424,Recreational Goods Retailing,4242,Entertainment Media Retailing
G,Retail Trade,42,Other Store-Based Retailing,424,Recreational Goods Retailing,4243,Toy and Game Retailing
G,Retail Trade,42,Other Store-Based Retailing,424,Recreational Goods Retailing,4244,Newspaper and Book Retailing
G,Retail Trade,42,Other Store-Based Retailing,424,Recreational Goods Retailing,4245,Marine Equipment Retailing
G,Retail Trade,42,Other Store-Based Retailing,425,"Clothing, Footwear and Personal Accessory Retailing",4251,Clothing Retailing
G,Retail Trade,42,Other Store-Based Retailing,425,"Clothing, Footwear and Personal Accessory Retailing",4252,Footwear Retailing
G,Retail Trade,42,Other Store-Based Retailing,425,"Clothing, Footwear and Personal Accessory Retailing",4253,Watch and Jewellery Retailing
G,Retail Trade,42,Other Store-Based Retailing,425,"Clothing, Footwear and Personal Accessory Retailing",4259,Other Personal Accessory Retailing
G,Retail Trade,42,Other Store-Based Retailing,426,Department Stores,4260,Department Stores
G,Retail Trade,42,Other Store-Based Retailing,427,Pharmaceutical and Other Store-Based Retailing,4271,"Pharmaceutical, Cosmetic and Toiletry Goods Retailing"
G,Retail Trade,42,Other Store-Based Retailing,427,Pharmaceutical and Other Store-Based Retailing,4272,Stationery Goods Retailing
G,Retail Trade,42,Other Store-Based Retailing,427,Pharmaceutical and Other Store-Based Retailing,4273,Antique and Used Goods Retailing
G,Retail Trade,42,Other Store-Based Retailing,427,Pharmaceutical and Other Store-Based Retailing,4274,Flower Retailing
G,Retail Trade,42,Other Store-Based Retailing,427,Pharmaceutical and Other Store-Based Retailing,4279,Other Store-Based Retailing n.e.c.
G,Retail Trade,43,Non-Store Retailing and Retail Commission-Based Buying and/or Selling,431,Non-Store Retailing,4310,Non-Store Retailing
G,Retail Trade,43,Non-Store Retailing and Retail Commission-Based Buying and/or Selling,432,Retail Commission-Based Buying and/or Selling,4320,Retail Commission-Based Buying and/or Selling
H,Accommodation and Food Services,44,Accommodation,440,Accommodation,4400,Accommodation
H,Accommodation and Food Services,45,Food and Beverage Services,451,"Cafes, Restaurants and Takeaway Food Services",4511,Cafes and Restaurants
H,Accommodation and Food Services,45,Food and Beverage Services,451,"Cafes, Restaurants and Takeaway Food Services",4512,Takeaway Food Services
H,Accommodation and Food Services,45,Food and Beverage Services,451,"Cafes, Restaurants and Takeaway Food Services",4513,Catering Services
H,Accommodation and Food Services,45,Food and Beverage Services,452,"Pubs, Taverns and Bars",4520,"Pubs, Taverns and Bars"
H,Accommodation and Food Services,45,Food and Beverage Services,453,Clubs (Hospitality),4530,Clubs (Hospitality)
I,"Transport, Postal and Warehousing",46,Road Transport,461,Road Freight Transport,4610,Road Freight Transport
I,"Transport, Postal and Warehousing",46,Road Transport,462,Road Passenger Transport,4621,Interurban and Rural Bus Transport
I,"Transport, Postal and Warehousing",46,Road Transport,462,Road Passenger Transport,4622,Urban Bus Transport (Including Tramway)
I,"Transport, Postal and Warehousing",46,Road Transport,462,Road Passenger Transport,4623,Taxi and Other Road Transport
I,"Transport, Postal and Warehousing",47,Rail Transport,471,Rail Freight Transport,4710,Rail Freight Transport
I,"Transport, Postal and Warehousing",47,Rail Transport,472,Rail Passenger Transport,4720,Rail Passenger Transport
I,"Transport, Postal and Warehousing",48,Water Transport,481,Water Freight Transport,4810,Water Freight Transport
I,"Transport, Postal and Warehousing",48,Water Transport,482,Water Passenger Transport,4820,Water Passenger Transport
I,"Transport, Postal and Warehousing",49,Air and Space Transport,490,Air and Space Transport,4900,Air and Space Transport
I,"Transport, Postal and Warehousing",50,Other Transport,501,Scenic and Sightseeing Transport,5010,Scenic and Sightseeing Transport
I,"Transport, Postal and Warehousing",50,Other Transport,502,Pipeline and Other Transport,5021,Pipeline Transport
I,"Transport, Postal and Warehousing",50,Other Transport,502,Pipeline and Other Transport,5029,Other Transport n.e.c.
I,"Transport, Postal and Warehousing",51,Postal and Courier Pick-Up and Delivery Services,510,Postal and Courier Pick-Up and Delivery Services,5101,Postal Services
I,"Transport, Postal and Warehousing",51,Postal and Courier Pick-Up and Delivery Services,510,Postal and Courier Pick-Up and Delivery Services,5102,Courier Pick-up and Delivery Services
I,"Transport, Postal and Warehousing",52,Transport Support Services,521,Water Transport Support Services,5211,Stevedoring Services
I,"Transport, Postal and Warehousing",52,Transport Support Services,521,Water Transport Support Services,5212,Port and Water Transport Terminal Operations
I,"Transport, Postal and Warehousing",52,Transport Support Services,521,Water Transport Support Services,5219,Other Water Transport Support Services
I,"Transport, Postal and Warehousing",52,Transport Support Services,522,Airport Operations and Other Air Transport Support Services,5220,Airport Operations and Other Air Transport Support Services
I,"Transport, Postal and Warehousing",52,Transport Support Services,529,Other Transport Support Services,5291,Customs Agency Services
I,"Transport, Postal and Warehousing",52,Transport Support Services,529,Other Transport Support Services,5292,Freight Forwarding Services
I,"Transport, Postal and Warehousing",52,Transport Support Services,529,Other Transport Support Services,5299,Other Transport Support Services n.e.c.
I,"Transport, Postal and Warehousing",53,Warehousing and Storage Services,530,Warehousing and Storage Services,5301,Grain Storage Services
I,"Transport, Postal and Warehousing",53,Warehousing and Storage Services,530,Warehousing and Storage Services,5309,Other Warehousing and Storage Services
J,Information Media and Telecommunications,54,Publishing (except Internet and Music Publishing),541,"Newspaper, Periodical, Book and Directory Publishing",5411,Newspaper Publishing
J,Information Media and Telecommunications,54,Publishing (except Internet and Music Publishing),541,"Newspaper, Periodical, Book and Directory Publishing",5412,Magazine and Other Periodical Publishing
J,Information Media and Telecommunications,54,Publishing (except Internet and Music Publishing),541,"Newspaper, Periodical, Book and Directory Publishing",5413,Book Publishing
J,Information Media and Telecommunications,54,Publishing (except Internet and Music Publishing),541,"Newspaper, Periodical, Book and Directory Publishing",5414,Directory and Mailing List Publishing
J,Information Media and Telecommunications,54,Publishing (except Internet and Music Publishing),541,"Newspaper, Periodical, Book and Directory Publishing",5419,"Other Publishing (except Software, Music and Internet)"
J,Information Media and Telecommunications,54,Publishing (except Internet and Music Publishing),542,Software Publishing,5420,Software Publishing
J,Information Media and Telecommunications,55,Motion Picture and Sound Recording Activities,551,Motion Picture and Video Activities,5511,Motion Picture and Video Production
J,Information Media and Telecommunications,55,Motion Picture and Sound Recording Activities,551,Motion Picture and Video Activities,5512,Motion Picture and Video Distribution
J,Information Media and Telecommunications,55,Motion Picture and Sound Recording Activities,551,Motion Picture and Video Activities,5513,Motion Picture Exhibition
J,Information Media and Telecommunications,55,Motion Picture and Sound Recording Activities,551,Motion Picture and Video Activities,5514,Post-production Services and Other Motion Picture and Video Activities
J,Information Media and Telecommunications,55,Motion Picture and Sound Recording Activities,552,Sound Recording and Music Publishing,5521,Music Publishing
J,Information Media and Telecommunications,55,Motion Picture and Sound Recording Activities,552,Sound Recording and Music Publishing,5522,Music and Other Sound Recording Activities
J,Information Media and Telecommunications,56,Broadcasting (except Internet),561,Radio Broadcasting,5610,Radio Broadcasting
J,Information Media and Telecommunications,56,Broadcasting (except Internet),562,Television Broadcasting,5621,Free-to-Air Television Broadcasting
J,Information Media and Telecommunications,56,Broadcasting (except Internet),562,Television Broadcasting,5622,Cable and Other Subscription Broadcasting
J,Information Media and Telecommunications,57,Internet Publishing and Broadcasting,570,Internet Publishing and Broadcasting,5700,Internet Publishing and Broadcasting
J,Information Media and Telecommunications,58,Telecommunications Services,580,Telecommunications Services,5801,Wired Telecommunications Network Operation
J,Information Media and Telecommunications,58,Telecommunications Services,580,Telecommunications Services,5802,Other Telecommunications Network Operation
J,Information Media and Telecommunications,58,Telecommunications Services,580,Telecommunications Services,5809,Other Telecommunications Services
J,Information Media and Telecommunications,59,"Internet Service Providers, Web Search Portals and Data Processing Services",591,Internet Service Providers and Web Search Portals,5910,Internet Service Providers and Web Search Portals
J,Information Media and Telecommunications,59,"Internet Service Providers, Web Search Portals and Data Processing Services",592,"Data Processing, Web Hosting and Electronic Information Storage Services",5921,Data Processing and Web Hosting Services
J,Information Media and Telecommunications,59,"Internet Service Providers, Web Search Portals and Data Processing Services",592,"Data Processing, Web Hosting and Electronic Information Storage Services",5922,Electronic Information Storage Services
J,Information Media and Telecommunications,60,Library and Other Information Services,601,Libraries and Archives,6010,Libraries and Archives
J,Information Media and Telecommunications,60,Library and Other Information Services,602,Other Information Services,6020,Other Information Services
K,Financial and Insurance Services,62,Finance,621,Central Banking,6210,Central Banking
K,Financial and Insurance Services,62,Finance,622,Depository Financial Intermediation,6221,Banking
K,Financial and Insurance Services,62,Finance,622,Depository Financial Intermediation,6222,Building Society Operation
K,Financial and Insurance Services,62,Finance,622,Depository Financial Intermediation,6223,Credit Union Operation
K,Financial and Insurance Services,62,Finance,622,Depository Financial Intermediation,6229,Other Depository Financial Intermediation
K,Financial and Insurance Services,62,Finance,623,Non-Depository Financing,6230,Non-Depository Financing
K,Financial and Insurance Services,62,Finance,624,Financial Asset Investing,6240,Financial Asset Investing
K,Financial and Insurance Services,63,Insurance and Superannuation Funds,631,Life Insurance,6310,Life Insurance
K,Financial and Insurance Services,63,Insurance and Superannuation Funds,632,Health and General Insurance,6321,Health Insurance
K,Financial and Insurance Services,63,Insurance and Superannuation Funds,632,Health and General Insurance,6322,General Insurance
K,Financial and Insurance Services,63,Insurance and Superannuation Funds,633,Superannuation Funds,6330,Superannuation Funds
K,Financial and Insurance Services,64,Auxiliary Finance and Insurance Services,641,Auxiliary Finance and Investment Services,6411,Financial Asset Broking Services
K,Financial and Insurance Services,64,Auxiliary Finance and Insurance Services,641,Auxiliary Finance and Investment Services,6419,Other Auxiliary Finance and Investment Services
K,Financial and Insurance Services,64,Auxiliary Finance and Insurance Services,642,Auxiliary Insurance Services,6420,Auxiliary Insurance Services
L,"Rental, Hiring and Real Estate Services",66,Rental and Hiring Services (except Real Estate),661,Motor Vehicle and Transport Equipment Rental and Hiring,6611,Passenger Car Rental and Hiring
L,"Rental, Hiring and Real Estate Services",66,Rental and Hiring Services (except Real Estate),661,Motor Vehicle and Transport Equipment Rental and Hiring,6619,Other Motor Vehicle and Transport Equipment Rental and Hiring
L,"Rental, Hiring and Real Estate Services",66,Rental and Hiring Services (except Real Estate),662,Farm Animal and Bloodstock Leasing,6620,Farm Animal and Bloodstock Leasing
L,"Rental, Hiring and Real Estate Services",66,Rental and Hiring Services (except Real Estate),663,Other Goods and Equipment Rental and Hiring,6631,Heavy Machinery and Scaffolding Rental and Hiring
L,"Rental, Hiring and Real Estate Services",66,Rental and Hiring Services (except Real Estate),663,Other Goods and Equipment Rental and Hiring,6632,Video and Other Electronic Media Rental and Hiring
L,"Rental, Hiring and Real Estate Services",66,Rental and Hiring Services (except Real Estate),663,Other Goods and Equipment Rental and Hiring,6639,Other Goods and Equipment Rental and Hiring n.e.c.
L,"Rental, Hiring and Real Estate Services",66,Rental and Hiring Services (except Real Estate),664,Non-Financial Intangible Assets (Except Copyrights) Leasing,6640,Non-Financial Intangible Assets (Except Copyrights) Leasing
L,"Rental, Hiring and Real Estate Services",67,Property Operators and Real Estate Services,671,Property Operators,6711,Residential Property Operators
L,"Rental, Hiring and Real Estate Services",67,Property Operators and Real Estate Services,671,Property Operators,6712,Non-Residential Property Operators
L,"Rental, Hiring and Real Estate Services",67,Property Operators and Real Estate Services,672,Real Estate Services,6720,Real Estate Services
M,"Professional, Scientific and Technical Services",69,"Professional, Scientific and Technical Services (Except Computer System Design and Related Services)",691,Scientific Research Services,6910,Scientific Research Services
M,"Professional, Scientific and Technical Services",69,"Professional, Scientific and Technical Services (Except Computer System Design and Related Services)",692,"Architectural, Engineering and Technical Services",6921,Architectural Services
M,"Professional, Scientific and Technical Services",69,"Professional, Scientific and Technical Services (Except Computer System Design and Related Services)",692,"Architectural, Engineering and Technical Services",6922,Surveying and Mapping Services
M,"Professional, Scientific and Technical Services",69,"Professional, Scientific and Technical Services (Except Computer System Design and Related Services)",692,"Architectural, Engineering and Technical Services",6923,Engineering Design and Engineering Consulting Services
M,"Professional, Scientific and Technical Services",69,"Professional, Scientific and Technical Services (Except Computer System Design and Related Services)",692,"Architectural, Engineering and Technical Services",6924,Other Specialised Design Services
M,"Professional, Scientific and Technical Services",69,"Professional, Scientific and Technical Services (Except Computer System Design and Related Services)",692,"Architectural, Engineering and Technical Services",6925,Scientific Testing and Analysis Services
M,"Professional, Scientific and Technical Services",69,"Professional, Scientific and Technical Services (Except Computer System Design and Related Services)",693,Legal and Accounting Services,6931,Legal Services
M,"Professional, Scientific and Technical Services",69,"Professional, Scientific and Technical Services (Except Computer System Design and Related Services)",693,Legal and Accounting Services,6932,Accounting Services
M,"Professional, Scientific and Technical Services",69,"Professional, Scientific and Technical Services (Except Computer System Design and Related Services)",694,Advertising Services,6940,Advertising Services
M,"Professional, Scientific and Technical Services",69,"Professional, Scientific and Technical Services (Except Computer System Design and Related Services)",695,Market Research and Statistical Services,6950,Market Research and Statistical Services
M,"Professional, Scientific and Technical Services",69,"Professional, Scientific and Technical Services (Except Computer System Design and Related Services)",696,Management and Related Consulting Services,6961,Corporate Head Office Management Services
M,"Professional, Scientific and Technical Services",69,"Professional, Scientific and Technical Services (Except Computer System Design and Related Services)",696,Management and Related Consulting Services,6962,Management Advice and Related Consulting Services
M,"Professional, Scientific and Technical Services",69,"Professional, Scientific and Technical Services (Except Computer System Design and Related Services)",697,Veterinary Services,6970,Veterinary Services
M,"Professional, Scientific and Technical Services",69,"Professional, Scientific and Technical Services (Except Computer System Design and Related Services)",699,"Other Professional, Scientific and Technical Services",6991,Professional Photographic Services
M,"Professional, Scientific and Technical Services",69,"Professional, Scientific and Technical Services (Except Computer System Design and Related Services)",699,"Other Professional, Scientific and Technical Services",6999,"Other Professional, Scientific and Technical Services n.e.c."
M,"Professional, Scientific and Technical Services",70,Computer System Design and Related Services,700,Computer System Design and Related Services,7000,Computer System Design and Related Services
N,Administrative and Support Services,72,Administrative Services,721,Employment Services,7211,Employment Placement and Recruitment Services
N,Administrative and Support Services,72,Administrative Services,721,Employment Services,7212,Labour Supply Services
N,Administrative and Support Services,72,Administrative Services,722,Travel Agency and Tour Arrangement Services,7220,Travel Agency and Tour Arrangement Services
N,Administrative and Support Services,72,Administrative Services,729,Other Administrative Services,7291,Office Administrative Services
N,Administrative and Support Services,72,Administrative Services,729,Other Administrative Services,7292,Document Preparation Services
N,Administrative and Support Services,72,Administrative Services,729,Other Administrative Services,7293,Credit Reporting and Debt Collection Services
N,Administrative and Support Services,72,Administrative Services,729,Other Administrative Services,7294,Call Centre Operation
N,Administrative and Support Services,72,Administrative Services,729,Other Administrative Services,7299,Other Administrative Services n.e.c.
N,Administrative and Support Services,73,"Building Cleaning, Pest Control and Other Support Services",731,"Building Cleaning, Pest Control and Gardening Services",7311,Building and Other Industrial Cleaning Services
N,Administrative and Support Services,73,"Building Cleaning, Pest Control and Other Support Services",731,"Building Cleaning, Pest Control and Gardening Services",7312,Building Pest Control Services
N,Administrative and Support Services,73,"Building Cleaning, Pest Control and Other Support Services",731,"Building Cleaning, Pest Control and Gardening Services",7313,Gardening Services
N,Administrative and Support Services,73,"Building Cleaning, Pest Control and Other Support Services",732,Packaging Services,7320,Packaging Services
O,Public Administration and Safety,75,Public Administration,751,Central Government Administration,7510,Central Government Administration
O,Public Administration and Safety,75,Public Administration,752,State Government Administration,7520,State Government Administration
O,Public Administration and Safety,75,Public Administration,753,Local Government Administration,7530,Local Government Administration
O,Public Administration and Safety,75,Public Administration,754,Justice,7540,Justice
O,Public Administration and Safety,75,Public Administration,755,Government Representation,7551,Domestic Government Representation
O,Public Administration and Safety,75,Public Administration,755,Government Representation,7552,Foreign Government Representation
O,Public Administration and Safety,76,Defence,760,Defence,7600,Defence
O,Public Administration and Safety,77,"Public Order, Safety and Regulatory Services",771,Public Order and Safety Services,7711,Police Services
O,Public Administration and Safety,77,"Public Order, Safety and Regulatory Services",771,Public Order and Safety Services,7712,Investigation and Security Services
O,Public Administration and Safety,77,"Public Order, Safety and Regulatory Services",771,Public Order and Safety Services,7713,Fire Protection and Other Emergency Services
O,Public Administration and Safety,77,"Public Order, Safety and Regulatory Services",771,Public Order and Safety Services,7714,Correctional and Detention Services
O,Public Administration and Safety,77,"Public Order, Safety and Regulatory Services",771,Public Order and Safety Services,7719,Other Public Order and Safety Services
O,Public Administration and Safety,77,"Public Order, Safety and Regulatory Services",772,Regulatory Services,7720,Regulatory Services
P,Education and Training,80,Preschool and School Education,801,Preschool Education,8010,Preschool Education
P,Education and Training,80,Preschool and School Education,802,School Education,8021,Primary Education
P,Education and Training,80,Preschool and School Education,802,School Education,8022,Secondary Education
P,Education and Training,80,Preschool and School Education,802,School Education,8023,Combined Primary and Secondary Education
P,Education and Training,80,Preschool and School Education,802,School Education,8024,Special School Education
P,Education and Training,81,Tertiary Education,810,Tertiary Education,8101,Technical and Vocational Education and Training
P,Education and Training,81,Tertiary Education,810,Tertiary Education,8102,Higher Education
P,Education and Training,82,"Adult, Community and Other Education",821,"Adult, Community and Other Education",8211,Sports and Physical Recreation Instruction
P,Education and Training,82,"Adult, Community and Other Education",821,"Adult, Community and Other Education",8212,Arts Education
P,Education and Training,82,"Adult, Community and Other Education",821,"Adult, Community and Other Education",8219,"Adult, Community and Other Education n.e.c."
P,Education and Training,82,"Adult, Community and Other Education",822,Educational Support Services,8220,Educational Support Services
Q,Health Care and Social Assistance,84,Hospitals,840,Hospitals,8401,Hospitals (Except Psychiatric Hospitals)
Q,Health Care and Social Assistance,84,Hospitals,840,Hospitals,8402,Psychiatric Hospitals
Q,Health Care and Social Assistance,85,Medical and Other Health Care Services,851,Medical Services,8511,General Practice Medical Services
Q,Health Care and Social Assistance,85,Medical and Other Health Care Services,851,Medical Services,8512,Specialist Medical Services
Q,Health Care and Social Assistance,85,Medical and Other Health Care Services,852,Pathology and Diagnostic Imaging Services,8520,Pathology and Diagnostic Imaging Services
Q,Health Care and Social Assistance,85,Medical and Other Health Care Services,853,Allied Health Services,8531,Dental Services
Q,Health Care and Social Assistance,85,Medical and Other Health Care Services,853,Allied Health Services,8532,Optometry and Optical Dispensing
Q,Health Care and Social Assistance,85,Medical and Other Health Care Services,853,Allied Health Services,8533,Physiotherapy Services
Q,Health Care and Social Assistance,85,Medical and Other Health Care Services,853,Allied Health Services,8534,Chiropractic and Osteopathic Services
Q,Health Care and Social Assistance,85,Medical and Other Health Care Services,853,Allied Health Services,8539,Other Allied Health Services
Q,Health Care and Social Assistance,85,Medical and Other Health Care Services,859,Other Health Care Services,8591,Ambulance Services
Q,Health Care and Social Assistance,85,Medical and Other Health Care Services,859,Other Health Care Services,8599,Other Health Care Services n.e.c.
Q,Health Care and Social Assistance,86,Residential Care Services,860,Residential Care Services,8601,Aged Care Residential Services
Q,Health Care and Social Assistance,86,Residential Care Services,860,Residential Care Services,8609,Other Residential Care Services
Q,Health Care and Social Assistance,87,Social Assistance Services,871,Child Care Services,8710,Child Care Services
Q,Health Care and Social Assistance,87,Social Assistance Services,879,Other Social Assistance Services,8790,Other Social Assistance Services
R,Arts and Recreation Services,89,Heritage Activities,891,Museum Operation,8910,Museum Operation
R,Arts and Recreation Services,89,Heritage Activities,892,Parks and Gardens Operations,8921,Zoological and Botanical Gardens Operation
R,Arts and Recreation Services,89,Heritage Activities,892,Parks and Gardens Operations,8922,Nature Reserves and Conservation Parks Operation
R,Arts and Recreation Services,90,Creative and Performing Arts Activities,900,Creative and Performing Arts Activities,9001,Performing Arts Operation
R,Arts and Recreation Services,90,Creative and Performing Arts Activities,900,Creative and Performing Arts Activities,9002,"Creative Artists, Musicians, Writers and Performers"
R,Arts and Recreation Services,90,Creative and Performing Arts Activities,900,Creative and Performing Arts Activities,9003,Performing Arts Venue Operation
R,Arts and Recreation Services,91,Sports and Recreation Activities,911,Sports and Physical Recreation Activities,9111,Health and Fitness Centres and Gymnasia Operation
R,Arts and Recreation Services,91,Sports and Recreation Activities,911,Sports and Physical Recreation Activities,9112,Sports and Physical Recreation Clubs and Sports Professionals
R,Arts and Recreation Services,91,Sports and Recreation Activities,911,Sports and Physical Recreation Activities,9113,"Sports and Physical Recreation Venues, Grounds and Facilities Operation"
R,Arts and Recreation Services,91,Sports and Recreation Activities,911,Sports and Physical Recreation Activities,9114,Sports and Physical Recreation Administrative Service
R,Arts and Recreation Services,91,Sports and Recreation Activities,912,Horse and Dog Racing Activities,9121,Horse and Dog Racing Administration and Track Operation
R,Arts and Recreation Services,91,Sports and Recreation Activities,912,Horse and Dog Racing Activities,9129,Other Horse and Dog Racing Activities
R,Arts and Recreation Services,91,Sports and Recreation Activities,913,Amusement and Other Recreation Activities,9131,Amusement Parks and Centres Operation
R,Arts and Recreation Services,91,Sports and Recreation Activities,913,Amusement and Other Recreation Activities,9139,Amusement and Other Recreational Activities n.e.c.
R,Arts and Recreation Services,92,Gambling Activities,920,Gambling Activities,9201,Casino Operation
R,Arts and Recreation Services,92,Gambling Activities,920,Gambling Activities,9202,Lottery Operation
R,Arts and Recreation Services,92,Gambling Activities,920,Gambling Activities,9209,Other Gambling Activities
S,Other Services,94,Repair and Maintenance,941,Automotive Repair and Maintenance,9411,Automotive Electrical Services
S,Other Services,94,Repair and Maintenance,941,Automotive Repair and Maintenance,9412,"Automotive Body, Paint and Interior Repair"
S,Other Services,94,Repair and Maintenance,941,Automotive Repair and Maintenance,9419,Other Automotive Repair and Maintenance
S,Other Services,94,Repair and Maintenance,942,Machinery and Equipment Repair and Maintenance,9421,Domestic Appliance Repair and Maintenance
S,Other Services,94,Repair and Maintenance,942,Machinery and Equipment Repair and Maintenance,9422,Electronic (except Domestic Appliance) and Precision Equipment Repair and Maintenance
S,Other Services,94,Repair and Maintenance,942,Machinery and Equipment Repair and Maintenance,9429,Other Machinery and Equipment Repair and Maintenance
S,Other Services,94,Repair and Maintenance,949,Other Repair and Maintenance,9491,Clothing and Footwear Repair
S,Other Services,94,Repair and Maintenance,949,Other Repair and Maintenance,9499,Other Repair and Maintenance n.e.c.
S,Other Services,95,Personal and Other Services,951,Personal Care Services,9511,Hairdressing and Beauty Services
S,Other Services,95,Personal and Other Services,951,Personal Care Services,9512,Diet and Weight Reduction Centre Operation
S,Other Services,95,Personal and Other Services,952,"Funeral, Crematorium and Cemetery Services",9520,"Funeral, Crematorium and Cemetery Services"
S,Other Services,95,Personal and Other Services,953,Other Personal Services,9531,Laundry and Dry-Cleaning Services
S,Other Services,95,Personal and Other Services,953,Other Personal Services,9532,Photographic Film Processing
S,Other Services,95,Personal and Other Services,953,Other Personal Services,9533,Parking Services
S,Other Services,95,Personal and Other Services,953,Other Personal Services,9534,Brothel Keeping and Prostitution Services
S,Other Services,95,Personal and Other Services,953,Other Personal Services,9539,Other Personal Services n.e.c.
S,Other Services,95,Personal and Other Services,954,Religious Services,9540,Religious Services
S,Other Services,95,Personal and Other Services,955,"Civic, Professional and Other Interest Group Services",9551,Business and Professional Association Services
S,Other Services,95,Personal and Other Services,955,"Civic, Professional and Other Interest Group Services",9552,Labour Association Services
S,Other Services,95,Personal and Other Services,955,"Civic, Professional and Other Interest Group Services",9559,Other Interest Group Services n.e.c.
S,Other Services,96,Private Households Employing Staff and Undifferentiated Goods- and Service-Producing Activities of Households for Own Use,960,Private Households Employing Staff and Undifferentiated Goods- and Service-Producing Activities of Households for Own Use,9601,Private Households Employing Staff
S,Other Services,96,Private Households Employing Staff and Undifferentiated Goods- and Service-Producing Activities of Households for Own Use,960,Private Households Employing Staff and Undifferentiated Goods- and Service-Producing Activities of Households for Own Use,9602,Undifferentiated Goods-Producing Activities of Households for Own Use
S,Other Services,96,Private Households Employing Staff and Undifferentiated Goods- and Service-Producing Activities of Households for Own Use,960,Private Households Employing Staff and Undifferentiated Goods- and Service-Producing Activities of Households for Own Use,9603,Undifferentiated Service-Producing Activities of Households for Own Use
